1915
1914
1913
1912
1911
1910
1909
1908
1907
1906
1905
1904
1903
1902
1901
1900
1899
1898
1897
1896
1842
1841
1840
1839
1838
1837
1836
1835
1834
1833
1832
1830
1829
1828
1827
1825
1824
1823
1822
1821
1820
1819
1818
1817
1816
1815
1814
1813
1812
1811
1810
1809
1808
1807
1806
1804
1803
1479
841
840
839
838
837
836
835
834
833
832
831
830
829
828
827
826
825
824
823
822
821
820
819
818
817
816
815
814
813
811
810
418
417
416
415
414
413
412
411
410
408
407
406
405
404
403
402
401
400
399
348
347
346
345
344
343
342
341
340
339
338
337
335
323
322
321
320
319
317
311
219
217
215
213
212
211
210
209
208
207
206
205
204
203
202
200
198
190
185
184
129
128
127
126
125
124
123
122
121
120
118
117
116
115
113
111
110
104
103
102
99
98
97
